0.687 -0.100 0.273 0.000 0.000 0.707 0.707 0.2 2 10
0.687 -0.090 0.335 0.000 0.000 0.809 0.588 0.2 2 10
0.687 -0.062 0.391 0.000 0.000 0.891 0.454 0.2 2 10
0.687 -0.018 0.435 0.000 0.000 0.951 0.309 0.2 2 10
0.687 0.038 0.463 0.000 0.000 0.988 0.156 0.2 2 10
0.687 0.100 0.473 0.000 0.000 1.000 0.000 0.2 2 10
0.687 0.162 0.463 0.000 0.000 0.988 -0.156 0.2 2 10
0.687 0.218 0.435 0.000 0.000 0.951 -0.309 0.2 2 10
0.687 0.262 0.391 0.000 0.000 0.891 -0.454 0.2 2 10
0.687 0.290 0.335 0.000 0.000 0.809 -0.588 0.2 2 10
0.687 0.300 0.273 0.000 0.000 0.707 -0.707 0.2 2 10
