MOVL 0.396 -0.109 0.172 0.000 0.000 1.000 0.000 0.1 2.0 Z1 0.0 0.0 0.0 0.0 0.0 0.0
MOVL 0.466 -0.039 0.172 0.000 0.000 1.000 0.000 0.1 2.0 Z1 0.0 0.0 0.0 0.0 0.0 0.0
MOVL 0.536 -0.109 0.172 0.000 0.000 1.000 0.000 0.1 2.0 Z1 0.0 0.0 0.0 0.0 0.0 0.0
MOVL 0.606 -0.109 0.172 0.000 0.000 1.000 0.000 0.1 2.0 Z1 0.0 0.0 0.0 0.0 0.0 0.0
MOVL 0.606 -0.039 0.172 0.000 0.000 1.000 0.000 0.1 2.0 Z1 0.0 0.0 0.0 0.0 0.0 0.0
MOVL 0.676 -0.039 0.172 0.000 0.000 1.000 0.000 0.1 2.0 Z1 0.0 0.0 0.0 0.0 0.0 0.0
MOVC 0.756 -0.119 0.172 0.000 0.000 1.000 0.000 0.676 -0.199 0.172 0.000 0.000 1.000 0.000 0.1 2.0 Z1 0.0 0.0 0.0 0.0 0.0 0.0
MOVL 0.536 -0.199 0.172 0.000 0.000 1.000 0.000 0.1 2.0 Z1 0.0 0.0 0.0 0.0 0.0 0.0
MOVC 0.516 -0.219 0.172 0.000 0.000 1.000 0.000 0.536 -0.239 0.172 0.000 0.000 1.000 0.000 0.1 2.0 Z1 0.0 0.0 0.0 0.0 0.0 0.0
MOVC 0.556 -0.219 0.172 0.000 0.000 1.000 0.000 0.536 -0.199 0.172 0.000 0.000 1.000 0.000 0.1 2.0 Z1 0.0 0.0 0.0 0.0 0.0 0.0
MOVL 0.466 -0.199 0.172 0.000 0.000 1.000 0.000 0.1 2.0 Z1 0.0 0.0 0.0 0.0 0.0 0.0
MOVL 0.396 -0.239 0.172 0.000 0.000 1.000 0.000 0.1 2.0 Z1 0.0 0.0 0.0 0.0 0.0 0.0
MOVL 0.466 -0.279 0.172 0.000 0.000 1.000 0.000 0.1 2.0 Z1 0.0 0.0 0.0 0.0 0.0 0.0
MOVL 0.536 -0.279 0.172 0.000 0.000 1.000 0.000 0.1 2.0 Z1 0.0 0.0 0.0 0.0 0.0 0.0
MOVL 0.536 -0.269 0.172 0.000 0.000 1.000 0.000 0.1 2.0 Z1 0.0 0.0 0.0 0.0 0.0 0.0
MOVL 0.546 -0.269 0.172 0.000 0.000 1.000 0.000 0.1 2.0 Z1 0.0 0.0 0.0 0.0 0.0 0.0
MOVL 0.546 -0.279 0.172 0.000 0.000 1.000 0.000 0.1 2.0 Z1 0.0 0.0 0.0 0.0 0.0 0.0
MOVL 0.556 -0.279 0.172 0.000 0.000 1.000 0.000 0.1 2.0 Z1 0.0 0.0 0.0 0.0 0.0 0.0
MOVL 0.556 -0.269 0.172 0.000 0.000 1.000 0.000 0.1 2.0 Z1 0.0 0.0 0.0 0.0 0.0 0.0
MOVL 0.566 -0.269 0.172 0.000 0.000 1.000 0.000 0.1 2.0 Z1 0.0 0.0 0.0 0.0 0.0 0.0
MOVL 0.566 -0.279 0.172 0.000 0.000 1.000 0.000 0.1 2.0 Z1 0.0 0.0 0.0 0.0 0.0 0.0
MOVL 0.656 -0.279 0.172 0.000 0.000 1.000 0.000 0.1 2.0 Z1 0.0 0.0 0.0 0.0 0.0 0.0
MOVL 0.756 -0.179 0.172 0.000 0.000 1.000 0.000 0.1 2.0 Z1 0.0 0.0 0.0 0.0 0.0 0.0
MOVL 0.656 -0.279 0.172 0.000 0.000 1.000 0.000 0.1 2.0 Z1 0.0 0.0 0.0 0.0 0.0 0.0