0.6870 -0.1100 0.2830 0.000 0.000 1.000 0.000 0.02 1.00 6.00
0.7011 -0.2361 0.2830 0.000 0.000 1.000 0.000 0.20 1.00 6.00
0.7011 -0.2361 0.2730 0.000 0.000 1.000 0.000 0.20 1.00 6.00
0.6812 -0.2340 0.2730 0.000 0.000 1.000 0.000 0.20 1.00 6.00
0.6767 -0.2327 0.2730 0.000 0.000 1.000 0.000 0.20 1.00 6.00
0.6723 -0.2312 0.2730 0.000 0.000 1.000 0.000 0.20 1.00 6.00
0.6682 -0.2293 0.2730 0.000 0.000 1.000 0.000 0.20 1.00 6.00
0.6642 -0.2273 0.2730 0.000 0.000 1.000 0.000 0.20 1.00 6.00
0.6604 -0.2250 0.2730 0.000 0.000 1.000 0.000 0.20 1.00 6.00
0.6569 -0.2224 0.2730 0.000 0.000 1.000 0.000 0.20 1.00 6.00
0.6528 -0.2188 0.2730 0.000 0.000 1.000 0.000 0.20 1.00 6.00
0.6490 -0.2150 0.2730 0.000 0.000 1.000 0.000 0.20 1.00 6.00
0.6456 -0.2107 0.2730 0.000 0.000 1.000 0.000 0.20 1.00 6.00
0.6425 -0.2062 0.2730 0.000 0.000 1.000 0.000 0.20 1.00 6.00
0.6398 -0.2013 0.2730 0.000 0.000 1.000 0.000 0.20 1.00 6.00
0.6375 -0.1961 0.2730 0.000 0.000 1.000 0.000 0.20 1.00 6.00
0.6355 -0.1907 0.2730 0.000 0.000 1.000 0.000 0.20 1.00 6.00
0.6340 -0.1851 0.2730 0.000 0.000 1.000 0.000 0.20 1.00 6.00
0.6329 -0.1801 0.2730 0.000 0.000 1.000 0.000 0.20 1.00 6.00
0.6322 -0.1754 0.2730 0.000 0.000 1.000 0.000 0.20 1.00 6.00
0.6317 -0.1651 0.2730 0.000 0.000 1.000 0.000 0.20 1.00 6.00
0.6321 -0.1571 0.2730 0.000 0.000 1.000 0.000 0.20 1.00 6.00
0.6331 -0.1502 0.2730 0.000 0.000 1.000 0.000 0.20 1.00 6.00
0.6336 -0.1480 0.2730 0.000 0.000 1.000 0.000 0.20 1.00 6.00
0.6328 -0.1492 0.2730 0.000 0.000 1.000 0.000 0.20 1.00 6.00
0.6304 -0.1525 0.2730 0.000 0.000 1.000 0.000 0.20 1.00 6.00
0.6272 -0.1553 0.2730 0.000 0.000 1.000 0.000 0.20 1.00 6.00
0.6239 -0.1570 0.2730 0.000 0.000 1.000 0.000 0.20 1.00 6.00
0.6219 -0.1576 0.2730 0.000 0.000 1.000 0.000 0.20 1.00 6.00
0.6194 -0.1578 0.2730 0.000 0.000 1.000 0.000 0.20 1.00 6.00
0.6159 -0.1576 0.2730 0.000 0.000 1.000 0.000 0.20 1.00 6.00
0.6127 -0.1567 0.2730 0.000 0.000 1.000 0.000 0.20 1.00 6.00
0.6098 -0.1551 0.2730 0.000 0.000 1.000 0.000 0.20 1.00 6.00
0.6072 -0.1527 0.2730 0.000 0.000 1.000 0.000 0.20 1.00 6.00
0.6050 -0.1498 0.2730 0.000 0.000 1.000 0.000 0.20 1.00 6.00
0.6034 -0.1467 0.2730 0.000 0.000 1.000 0.000 0.20 1.00 6.00
0.6025 -0.1432 0.2730 0.000 0.000 1.000 0.000 0.20 1.00 6.00
0.6021 -0.1394 0.2730 0.000 0.000 1.000 0.000 0.20 1.00 6.00
0.6027 -0.1348 0.2730 0.000 0.000 1.000 0.000 0.20 1.00 6.00
0.6041 -0.1306 0.2730 0.000 0.000 1.000 0.000 0.20 1.00 6.00
0.6064 -0.1270 0.2730 0.000 0.000 1.000 0.000 0.20 1.00 6.00
0.6096 -0.1240 0.2730 0.000 0.000 1.000 0.000 0.20 1.00 6.00
0.6118 -0.1227 0.2730 0.000 0.000 1.000 0.000 0.20 1.00 6.00
0.6140 -0.1217 0.2730 0.000 0.000 1.000 0.000 0.20 1.00 6.00
0.6163 -0.1212 0.2730 0.000 0.000 1.000 0.000 0.20 1.00 6.00
0.6189 -0.1210 0.2730 0.000 0.000 1.000 0.000 0.20 1.00 6.00
0.6210 -0.1210 0.2730 0.000 0.000 1.000 0.000 0.20 1.00 6.00
0.6224 -0.1190 0.2730 0.000 0.000 1.000 0.000 0.20 1.00 6.00
0.6264 -0.1137 0.2730 0.000 0.000 1.000 0.000 0.20 1.00 6.00
0.6344 -0.1039 0.2730 0.000 0.000 1.000 0.000 0.20 1.00 6.00
0.6458 -0.0897 0.2730 0.000 0.000 1.000 0.000 0.20 1.00 6.00
0.6517 -0.0816 0.2730 0.000 0.000 1.000 0.000 0.20 1.00 6.00
0.6523 -0.0806 0.2730 0.000 0.000 1.000 0.000 0.20 1.00 6.00
0.6524 -0.0718 0.2730 0.000 0.000 1.000 0.000 0.20 1.00 6.00
0.6529 -0.0590 0.2730 0.000 0.000 1.000 0.000 0.20 1.00 6.00
0.6544 -0.0428 0.2730 0.000 0.000 1.000 0.000 0.20 1.00 6.00
0.6549 -0.0358 0.2730 0.000 0.000 1.000 0.000 0.20 1.00 6.00
0.6541 -0.0322 0.2730 0.000 0.000 1.000 0.000 0.20 1.00 6.00
0.6530 -0.0280 0.2730 0.000 0.000 1.000 0.000 0.20 1.00 6.00
0.6528 -0.0243 0.2730 0.000 0.000 1.000 0.000 0.20 1.00 6.00
0.6528 -0.0218 0.2730 0.000 0.000 1.000 0.000 0.20 1.00 6.00
0.6517 -0.0217 0.2730 0.000 0.000 1.000 0.000 0.20 1.00 6.00
0.6494 -0.0211 0.2730 0.000 0.000 1.000 0.000 0.20 1.00 6.00
0.6472 -0.0202 0.2730 0.000 0.000 1.000 0.000 0.20 1.00 6.00
0.6452 -0.0191 0.2730 0.000 0.000 1.000 0.000 0.20 1.00 6.00
0.6437 -0.0178 0.2730 0.000 0.000 1.000 0.000 0.20 1.00 6.00
0.6423 -0.0157 0.2730 0.000 0.000 1.000 0.000 0.20 1.00 6.00
0.6416 -0.0131 0.2730 0.000 0.000 1.000 0.000 0.20 1.00 6.00
0.6415 -0.0103 0.2730 0.000 0.000 1.000 0.000 0.20 1.00 6.00
0.6420 -0.0074 0.2730 0.000 0.000 1.000 0.000 0.20 1.00 6.00
0.6430 -0.0051 0.2730 0.000 0.000 1.000 0.000 0.20 1.00 6.00
0.6445 -0.0031 0.2730 0.000 0.000 1.000 0.000 0.20 1.00 6.00
0.6465 -0.0013 0.2730 0.000 0.000 1.000 0.000 0.20 1.00 6.00
0.6491 0.0002 0.2730 0.000 0.000 1.000 0.000 0.20 1.00 6.00
0.6521 0.0014 0.2730 0.000 0.000 1.000 0.000 0.20 1.00 6.00
0.6556 0.0024 0.2730 0.000 0.000 1.000 0.000 0.20 1.00 6.00
0.6596 0.0031 0.2730 0.000 0.000 1.000 0.000 0.20 1.00 6.00
0.6641 0.0035 0.2730 0.000 0.000 1.000 0.000 0.20 1.00 6.00
0.6713 0.0036 0.2730 0.000 0.000 1.000 0.000 0.20 1.00 6.00
0.6793 0.0031 0.2730 0.000 0.000 1.000 0.000 0.20 1.00 6.00
0.6856 0.0019 0.2730 0.000 0.000 1.000 0.000 0.20 1.00 6.00
0.6882 0.0011 0.2730 0.000 0.000 1.000 0.000 0.20 1.00 6.00
0.6904 0.0000 0.2730 0.000 0.000 1.000 0.000 0.20 1.00 6.00
0.6922 -0.0012 0.2730 0.000 0.000 1.000 0.000 0.20 1.00 6.00
0.6937 -0.0027 0.2730 0.000 0.000 1.000 0.000 0.20 1.00 6.00
0.6950 -0.0042 0.2730 0.000 0.000 1.000 0.000 0.20 1.00 6.00
0.6957 -0.0056 0.2730 0.000 0.000 1.000 0.000 0.20 1.00 6.00
0.6961 -0.0073 0.2730 0.000 0.000 1.000 0.000 0.20 1.00 6.00
0.6962 -0.0095 0.2730 0.000 0.000 1.000 0.000 0.20 1.00 6.00
0.6961 -0.0118 0.2730 0.000 0.000 1.000 0.000 0.20 1.00 6.00
0.6955 -0.0134 0.2730 0.000 0.000 1.000 0.000 0.20 1.00 6.00
0.6941 -0.0157 0.2730 0.000 0.000 1.000 0.000 0.20 1.00 6.00
0.6919 -0.0176 0.2730 0.000 0.000 1.000 0.000 0.20 1.00 6.00
0.6908 -0.0183 0.2730 0.000 0.000 1.000 0.000 0.20 1.00 6.00
0.6916 -0.0197 0.2730 0.000 0.000 1.000 0.000 0.20 1.00 6.00
0.6926 -0.0211 0.2730 0.000 0.000 1.000 0.000 0.20 1.00 6.00
0.6938 -0.0222 0.2730 0.000 0.000 1.000 0.000 0.20 1.00 6.00
0.6968 -0.0237 0.2730 0.000 0.000 1.000 0.000 0.20 1.00 6.00
0.7001 -0.0241 0.2730 0.000 0.000 1.000 0.000 0.20 1.00 6.00
0.7018 -0.0239 0.2730 0.000 0.000 1.000 0.000 0.20 1.00 6.00
0.7034 -0.0233 0.2730 0.000 0.000 1.000 0.000 0.20 1.00 6.00
0.7058 -0.0218 0.2730 0.000 0.000 1.000 0.000 0.20 1.00 6.00
0.7076 -0.0198 0.2730 0.000 0.000 1.000 0.000 0.20 1.00 6.00
0.7083 -0.0185 0.2730 0.000 0.000 1.000 0.000 0.20 1.00 6.00
0.7073 -0.0175 0.2730 0.000 0.000 1.000 0.000 0.20 1.00 6.00
0.7055 -0.0158 0.2730 0.000 0.000 1.000 0.000 0.20 1.00 6.00
0.7042 -0.0137 0.2730 0.000 0.000 1.000 0.000 0.20 1.00 6.00
0.7038 -0.0122 0.2730 0.000 0.000 1.000 0.000 0.20 1.00 6.00
0.7037 -0.0099 0.2730 0.000 0.000 1.000 0.000 0.20 1.00 6.00
0.7041 -0.0063 0.2730 0.000 0.000 1.000 0.000 0.20 1.00 6.00
0.7046 -0.0050 0.2730 0.000 0.000 1.000 0.000 0.20 1.00 6.00
0.7055 -0.0037 0.2730 0.000 0.000 1.000 0.000 0.20 1.00 6.00
0.7068 -0.0024 0.2730 0.000 0.000 1.000 0.000 0.20 1.00 6.00
0.7083 -0.0013 0.2730 0.000 0.000 1.000 0.000 0.20 1.00 6.00
0.7123 0.0006 0.2730 0.000 0.000 1.000 0.000 0.20 1.00 6.00
0.7179 0.0019 0.2730 0.000 0.000 1.000 0.000 0.20 1.00 6.00
0.7255 0.0030 0.2730 0.000 0.000 1.000 0.000 0.20 1.00 6.00
0.7367 0.0034 0.2730 0.000 0.000 1.000 0.000 0.20 1.00 6.00
0.7423 0.0033 0.2730 0.000 0.000 1.000 0.000 0.20 1.00 6.00
0.7460 0.0030 0.2730 0.000 0.000 1.000 0.000 0.20 1.00 6.00
0.7509 0.0017 0.2730 0.000 0.000 1.000 0.000 0.20 1.00 6.00
0.7546 -0.0003 0.2730 0.000 0.000 1.000 0.000 0.20 1.00 6.00
0.7560 -0.0016 0.2730 0.000 0.000 1.000 0.000 0.20 1.00 6.00
0.7571 -0.0031 0.2730 0.000 0.000 1.000 0.000 0.20 1.00 6.00
0.7580 -0.0047 0.2730 0.000 0.000 1.000 0.000 0.20 1.00 6.00
0.7585 -0.0065 0.2730 0.000 0.000 1.000 0.000 0.20 1.00 6.00
0.7589 -0.0094 0.2730 0.000 0.000 1.000 0.000 0.20 1.00 6.00
0.7586 -0.0122 0.2730 0.000 0.000 1.000 0.000 0.20 1.00 6.00
0.7574 -0.0148 0.2730 0.000 0.000 1.000 0.000 0.20 1.00 6.00
0.7556 -0.0169 0.2730 0.000 0.000 1.000 0.000 0.20 1.00 6.00
0.7530 -0.0187 0.2730 0.000 0.000 1.000 0.000 0.20 1.00 6.00
0.7498 -0.0199 0.2730 0.000 0.000 1.000 0.000 0.20 1.00 6.00
0.7484 -0.0203 0.2730 0.000 0.000 1.000 0.000 0.20 1.00 6.00
0.7484 -0.0232 0.2730 0.000 0.000 1.000 0.000 0.20 1.00 6.00
0.7481 -0.0275 0.2730 0.000 0.000 1.000 0.000 0.20 1.00 6.00
0.7468 -0.0322 0.2730 0.000 0.000 1.000 0.000 0.20 1.00 6.00
0.7463 -0.0339 0.2730 0.000 0.000 1.000 0.000 0.20 1.00 6.00
0.7461 -0.0354 0.2730 0.000 0.000 1.000 0.000 0.20 1.00 6.00
0.7468 -0.0425 0.2730 0.000 0.000 1.000 0.000 0.20 1.00 6.00
0.7478 -0.0556 0.2730 0.000 0.000 1.000 0.000 0.20 1.00 6.00
0.7483 -0.0665 0.2730 0.000 0.000 1.000 0.000 0.20 1.00 6.00
0.7485 -0.0696 0.2730 0.000 0.000 1.000 0.000 0.20 1.00 6.00
0.7549 -0.0664 0.2730 0.000 0.000 1.000 0.000 0.20 1.00 6.00
0.7554 -0.0648 0.2730 0.000 0.000 1.000 0.000 0.20 1.00 6.00
0.7566 -0.0614 0.2730 0.000 0.000 1.000 0.000 0.20 1.00 6.00
0.7577 -0.0593 0.2730 0.000 0.000 1.000 0.000 0.20 1.00 6.00
0.7593 -0.0573 0.2730 0.000 0.000 1.000 0.000 0.20 1.00 6.00
0.7622 -0.0547 0.2730 0.000 0.000 1.000 0.000 0.20 1.00 6.00
0.7656 -0.0531 0.2730 0.000 0.000 1.000 0.000 0.20 1.00 6.00
0.7675 -0.0527 0.2730 0.000 0.000 1.000 0.000 0.20 1.00 6.00
0.7696 -0.0525 0.2730 0.000 0.000 1.000 0.000 0.20 1.00 6.00
0.7718 -0.0527 0.2730 0.000 0.000 1.000 0.000 0.20 1.00 6.00
0.7737 -0.0531 0.2730 0.000 0.000 1.000 0.000 0.20 1.00 6.00
0.7758 -0.0540 0.2730 0.000 0.000 1.000 0.000 0.20 1.00 6.00
0.7778 -0.0552 0.2730 0.000 0.000 1.000 0.000 0.20 1.00 6.00
0.7795 -0.0567 0.2730 0.000 0.000 1.000 0.000 0.20 1.00 6.00
0.7810 -0.0584 0.2730 0.000 0.000 1.000 0.000 0.20 1.00 6.00
0.7826 -0.0610 0.2730 0.000 0.000 1.000 0.000 0.20 1.00 6.00
0.7836 -0.0638 0.2730 0.000 0.000 1.000 0.000 0.20 1.00 6.00
0.7842 -0.0668 0.2730 0.000 0.000 1.000 0.000 0.20 1.00 6.00
0.7843 -0.0698 0.2730 0.000 0.000 1.000 0.000 0.20 1.00 6.00
0.7839 -0.0727 0.2730 0.000 0.000 1.000 0.000 0.20 1.00 6.00
0.7830 -0.0756 0.2730 0.000 0.000 1.000 0.000 0.20 1.00 6.00
0.7816 -0.0782 0.2730 0.000 0.000 1.000 0.000 0.20 1.00 6.00
0.7797 -0.0806 0.2730 0.000 0.000 1.000 0.000 0.20 1.00 6.00
0.7772 -0.0828 0.2730 0.000 0.000 1.000 0.000 0.20 1.00 6.00
0.7746 -0.0842 0.2730 0.000 0.000 1.000 0.000 0.20 1.00 6.00
0.7725 -0.0848 0.2730 0.000 0.000 1.000 0.000 0.20 1.00 6.00
0.7704 -0.0851 0.2730 0.000 0.000 1.000 0.000 0.20 1.00 6.00
0.7683 -0.0850 0.2730 0.000 0.000 1.000 0.000 0.20 1.00 6.00
0.7660 -0.0846 0.2730 0.000 0.000 1.000 0.000 0.20 1.00 6.00
0.7646 -0.0843 0.2730 0.000 0.000 1.000 0.000 0.20 1.00 6.00
0.7593 -0.0902 0.2730 0.000 0.000 1.000 0.000 0.20 1.00 6.00
0.7533 -0.0966 0.2730 0.000 0.000 1.000 0.000 0.20 1.00 6.00
0.7493 -0.1001 0.2730 0.000 0.000 1.000 0.000 0.20 1.00 6.00
0.7478 -0.1012 0.2730 0.000 0.000 1.000 0.000 0.20 1.00 6.00
0.7479 -0.1026 0.2730 0.000 0.000 1.000 0.000 0.20 1.00 6.00
0.7476 -0.1051 0.2730 0.000 0.000 1.000 0.000 0.20 1.00 6.00
0.7467 -0.1070 0.2730 0.000 0.000 1.000 0.000 0.20 1.00 6.00
0.7460 -0.1077 0.2730 0.000 0.000 1.000 0.000 0.20 1.00 6.00
0.7477 -0.1098 0.2730 0.000 0.000 1.000 0.000 0.20 1.00 6.00
0.7516 -0.1150 0.2730 0.000 0.000 1.000 0.000 0.20 1.00 6.00
0.7551 -0.1204 0.2730 0.000 0.000 1.000 0.000 0.20 1.00 6.00
0.7583 -0.1260 0.2730 0.000 0.000 1.000 0.000 0.20 1.00 6.00
0.7611 -0.1319 0.2730 0.000 0.000 1.000 0.000 0.20 1.00 6.00
0.7635 -0.1379 0.2730 0.000 0.000 1.000 0.000 0.20 1.00 6.00
0.7655 -0.1439 0.2730 0.000 0.000 1.000 0.000 0.20 1.00 6.00
0.7671 -0.1501 0.2730 0.000 0.000 1.000 0.000 0.20 1.00 6.00
0.7682 -0.1563 0.2730 0.000 0.000 1.000 0.000 0.20 1.00 6.00
0.7685 -0.1654 0.2730 0.000 0.000 1.000 0.000 0.20 1.00 6.00
0.7681 -0.1751 0.2730 0.000 0.000 1.000 0.000 0.20 1.00 6.00
0.7672 -0.1814 0.2730 0.000 0.000 1.000 0.000 0.20 1.00 6.00
0.7659 -0.1873 0.2730 0.000 0.000 1.000 0.000 0.20 1.00 6.00
0.7643 -0.1929 0.2730 0.000 0.000 1.000 0.000 0.20 1.00 6.00
0.7623 -0.1982 0.2730 0.000 0.000 1.000 0.000 0.20 1.00 6.00
0.7599 -0.2032 0.2730 0.000 0.000 1.000 0.000 0.20 1.00 6.00
0.7571 -0.2079 0.2730 0.000 0.000 1.000 0.000 0.20 1.00 6.00
0.7539 -0.2124 0.2730 0.000 0.000 1.000 0.000 0.20 1.00 6.00
0.7504 -0.2165 0.2730 0.000 0.000 1.000 0.000 0.20 1.00 6.00
0.7466 -0.2203 0.2730 0.000 0.000 1.000 0.000 0.20 1.00 6.00
0.7425 -0.2237 0.2730 0.000 0.000 1.000 0.000 0.20 1.00 6.00
0.7381 -0.2267 0.2730 0.000 0.000 1.000 0.000 0.20 1.00 6.00
0.7334 -0.2292 0.2730 0.000 0.000 1.000 0.000 0.20 1.00 6.00
0.7284 -0.2314 0.2730 0.000 0.000 1.000 0.000 0.20 1.00 6.00
0.7230 -0.2332 0.2730 0.000 0.000 1.000 0.000 0.20 1.00 6.00
0.7174 -0.2346 0.2730 0.000 0.000 1.000 0.000 0.20 1.00 6.00
0.7113 -0.2356 0.2730 0.000 0.000 1.000 0.000 0.20 1.00 6.00
0.7011 -0.2361 0.2730 0.000 0.000 1.000 0.000 0.20 1.00 6.00