0.687 -0.300 0.273 0.000 0.000 0.790 0.614 0.2 1 6
0.687 -0.296 0.289 0.000 0.000 0.790 0.614 0.2 1 6
0.687 -0.292 0.304 0.000 0.000 0.790 0.613 0.2 1 6
0.687 -0.288 0.320 0.000 0.000 0.791 0.612 0.2 1 6
0.687 -0.284 0.335 0.000 0.000 0.792 0.611 0.2 1 6
0.687 -0.280 0.350 0.000 0.000 0.793 0.609 0.2 1 6
0.687 -0.276 0.365 0.000 0.000 0.795 0.607 0.2 1 6
0.687 -0.272 0.379 0.000 0.000 0.797 0.604 0.2 1 6
0.687 -0.268 0.393 0.000 0.000 0.800 0.600 0.2 1 6
0.687 -0.264 0.407 0.000 0.000 0.803 0.596 0.2 1 6
0.687 -0.260 0.420 0.000 0.000 0.806 0.592 0.2 1 6
0.687 -0.256 0.432 0.000 0.000 0.810 0.586 0.2 1 6
0.687 -0.252 0.444 0.000 0.000 0.815 0.579 0.2 1 6
0.687 -0.248 0.455 0.000 0.000 0.821 0.571 0.2 1 6
0.687 -0.244 0.466 0.000 0.000 0.828 0.561 0.2 1 6
0.687 -0.240 0.475 0.000 0.000 0.836 0.549 0.2 1 6
0.687 -0.236 0.484 0.000 0.000 0.845 0.534 0.2 1 6
0.687 -0.232 0.492 0.000 0.000 0.857 0.516 0.2 1 6
0.687 -0.228 0.499 0.000 0.000 0.870 0.493 0.2 1 6
0.687 -0.224 0.505 0.000 0.000 0.886 0.464 0.2 1 6
0.687 -0.220 0.511 0.000 0.000 0.904 0.427 0.2 1 6
0.687 -0.216 0.515 0.000 0.000 0.926 0.377 0.2 1 6
0.687 -0.212 0.519 0.000 0.000 0.950 0.312 0.2 1 6
0.687 -0.208 0.521 0.000 0.000 0.974 0.227 0.2 1 6
0.687 -0.204 0.523 0.000 0.000 0.993 0.121 0.2 1 6
0.687 -0.200 0.523 0.000 0.000 1.000 0.000 0.2 1 6
0.687 -0.196 0.523 0.000 0.000 0.993 -0.121 0.2 1 6
0.687 -0.192 0.521 0.000 0.000 0.974 -0.227 0.2 1 6
0.687 -0.188 0.519 0.000 0.000 0.950 -0.312 0.2 1 6
0.687 -0.184 0.515 0.000 0.000 0.926 -0.377 0.2 1 6
0.687 -0.180 0.511 0.000 0.000 0.904 -0.427 0.2 1 6
0.687 -0.176 0.505 0.000 0.000 0.886 -0.464 0.2 1 6
0.687 -0.172 0.499 0.000 0.000 0.870 -0.493 0.2 1 6
0.687 -0.168 0.492 0.000 0.000 0.857 -0.516 0.2 1 6
0.687 -0.164 0.484 0.000 0.000 0.845 -0.534 0.2 1 6
0.687 -0.160 0.475 0.000 0.000 0.836 -0.549 0.2 1 6
0.687 -0.156 0.466 0.000 0.000 0.828 -0.561 0.2 1 6
0.687 -0.152 0.455 0.000 0.000 0.821 -0.571 0.2 1 6
0.687 -0.148 0.444 0.000 0.000 0.815 -0.579 0.2 1 6
0.687 -0.144 0.432 0.000 0.000 0.810 -0.586 0.2 1 6
0.687 -0.140 0.420 0.000 0.000 0.806 -0.592 0.2 1 6
0.687 -0.136 0.407 0.000 0.000 0.803 -0.596 0.2 1 6
0.687 -0.132 0.393 0.000 0.000 0.800 -0.600 0.2 1 6
0.687 -0.128 0.379 0.000 0.000 0.797 -0.604 0.2 1 6
0.687 -0.124 0.365 0.000 0.000 0.795 -0.607 0.2 1 6
0.687 -0.120 0.350 0.000 0.000 0.793 -0.609 0.2 1 6
0.687 -0.116 0.335 0.000 0.000 0.792 -0.611 0.2 1 6
0.687 -0.112 0.320 0.000 0.000 0.791 -0.612 0.2 1 6
0.687 -0.108 0.304 0.000 0.000 0.790 -0.613 0.2 1 6
0.687 -0.104 0.289 0.000 0.000 0.790 -0.614 0.2 1 6
0.687 -0.100 0.273 0.000 0.000 0.790 -0.614 0.2 1 6
0.687 -0.096 0.257 0.000 0.000 0.790 -0.614 0.2 1 6
0.687 -0.092 0.242 0.000 0.000 0.790 -0.613 0.2 1 6
0.687 -0.088 0.226 0.000 0.000 0.791 -0.612 0.2 1 6
0.687 -0.084 0.211 0.000 0.000 0.792 -0.611 0.2 1 6
0.687 -0.080 0.196 0.000 0.000 0.793 -0.609 0.2 1 6
0.687 -0.076 0.181 0.000 0.000 0.795 -0.607 0.2 1 6
0.687 -0.072 0.167 0.000 0.000 0.797 -0.604 0.2 1 6
0.687 -0.068 0.153 0.000 0.000 0.800 -0.600 0.2 1 6
0.687 -0.064 0.139 0.000 0.000 0.803 -0.596 0.2 1 6
0.687 -0.060 0.126 0.000 0.000 0.806 -0.592 0.2 1 6
0.687 -0.056 0.114 0.000 0.000 0.810 -0.586 0.2 1 6
0.687 -0.052 0.102 0.000 0.000 0.815 -0.579 0.2 1 6
0.687 -0.048 0.091 0.000 0.000 0.821 -0.571 0.2 1 6
0.687 -0.044 0.080 0.000 0.000 0.828 -0.561 0.2 1 6
0.687 -0.040 0.071 0.000 0.000 0.836 -0.549 0.2 1 6
0.687 -0.036 0.062 0.000 0.000 0.845 -0.534 0.2 1 6
0.687 -0.032 0.054 0.000 0.000 0.857 -0.516 0.2 1 6
0.687 -0.028 0.047 0.000 0.000 0.870 -0.493 0.2 1 6
0.687 -0.024 0.041 0.000 0.000 0.886 -0.464 0.2 1 6
0.687 -0.020 0.035 0.000 0.000 0.904 -0.427 0.2 1 6
0.687 -0.016 0.031 0.000 0.000 0.926 -0.377 0.2 1 6
0.687 -0.012 0.027 0.000 0.000 0.950 -0.312 0.2 1 6
0.687 -0.008 0.025 0.000 0.000 0.974 -0.227 0.2 1 6
0.687 -0.004 0.023 0.000 0.000 0.993 -0.121 0.2 1 6
0.687 0.000 0.023 0.000 0.000 1.000 -0.000 0.2 1 6
0.687 0.004 0.023 0.000 0.000 0.993 0.121 0.2 1 6
0.687 0.008 0.025 0.000 0.000 0.974 0.227 0.2 1 6
0.687 0.012 0.027 0.000 0.000 0.950 0.312 0.2 1 6
0.687 0.016 0.031 0.000 0.000 0.926 0.377 0.2 1 6
0.687 0.020 0.035 0.000 0.000 0.904 0.427 0.2 1 6
0.687 0.024 0.041 0.000 0.000 0.886 0.464 0.2 1 6
0.687 0.028 0.047 0.000 0.000 0.870 0.493 0.2 1 6
0.687 0.032 0.054 0.000 0.000 0.857 0.516 0.2 1 6
0.687 0.036 0.062 0.000 0.000 0.845 0.534 0.2 1 6
0.687 0.040 0.071 0.000 0.000 0.836 0.549 0.2 1 6
0.687 0.044 0.080 0.000 0.000 0.828 0.561 0.2 1 6
0.687 0.048 0.091 0.000 0.000 0.821 0.571 0.2 1 6
0.687 0.052 0.102 0.000 0.000 0.815 0.579 0.2 1 6
0.687 0.056 0.114 0.000 0.000 0.810 0.586 0.2 1 6
0.687 0.060 0.126 0.000 0.000 0.806 0.592 0.2 1 6
0.687 0.064 0.139 0.000 0.000 0.803 0.596 0.2 1 6
0.687 0.068 0.153 0.000 0.000 0.800 0.600 0.2 1 6
0.687 0.072 0.167 0.000 0.000 0.797 0.604 0.2 1 6
0.687 0.076 0.181 0.000 0.000 0.795 0.607 0.2 1 6
0.687 0.080 0.196 0.000 0.000 0.793 0.609 0.2 1 6
0.687 0.084 0.211 0.000 0.000 0.792 0.611 0.2 1 6
0.687 0.088 0.226 0.000 0.000 0.791 0.612 0.2 1 6
0.687 0.092 0.242 0.000 0.000 0.790 0.613 0.2 1 6
0.687 0.096 0.257 0.000 0.000 0.790 0.614 0.2 1 6
0.687 0.100 0.273 0.000 0.000 0.790 0.614 0.2 1 6
